function varargout=citations
% cpr=CITATIONS
%
% OUTPUT:
%
% cpr       Citation rates (counts per year)
%
% Tracks the number of citations since the date of publication of my papers.
%
% Last modified by fjsimons-at-alum.mit.edu, 07/01/2021

% Check the SSP-2012 citations, many of which are wrong

% YEARBOOK PAPERS ARE LISTED UNDER JANUARY OF THE YEAR IN WHICH THEY APPEAR,
% BUT IN THE ORDER FOUND ON THE WEBPAGE

% What is the RANK of my cite in a paper that ranks them?  What is the
% frequency of my cites in a paper?  What is the number of papers cited in a
% paper that cites me?

% Direct software mentions without citation:
% 10.1038/s43247-020-0010-1
% 10.1130/GES01421.1
% 10.5194/se-9-457-2018
% 10.1109/ICASSP40776.2020.9054085
% 10.1029/2018JE005565
% 10.1080/17415977.2014.906412
% 10.1007/s12145-018-0368-0
% 10.1002/2017JB014803
% 10.1016/j.cageo.2011.08.006
% 10.1029/2009JE003469
% 10.1186/s40623-019-0997-7
% 10.1016/j.jog.2020.101753
% 10.1109/CVPR.2010.5540222
% 10.3390/rs11020144
% 10.1109/EMCEurope.2014.6930883
% 10.1109/TIP.2017.2716824
% 10.1007/978-981-10-2534-1_7
% 10.1007/s13137-011-0015-0
% Various Ph. D. theses...
% More from Aslam...

% Here you put in the publication date of your papers, nearest month
PubDate.IJCG1997=[10 1997];
PubDate.Lithos1999=[11 1999];
PubDate.JGR2000=[8 2000];
PubDate.GRL2002=[6 2002];
PubDate.GJI2002=[12 2002];
PubDate.JGR2003=[5 2003];
PubDate.EPSL2003=[6 2003];
PubDate.EPSL2005=[7 2005]; % Goes
PubDate.GJI2005=[9 2005];
PubDate.SIAM2006=[8 2006];
PubDate.EPSL2006=[9 2006]; % Dando
PubDate.GJI2006=[9 2006];
PubDate.JFAA2007=[12 2007];
PubDate.JGR2008=[1 2008]; % Han
PubDate.GJI2008a=[9 2008]; % Dahlen
PubDate.GJI2008b=[8 2008]; % Amirbekyan
PubDate.GRL2008=[7 2008];
PubDate.JGR2009=[5 2009];
PubDate.Nature2009=[12 2009]; % Bob "during"
PubDate.G32010=[06 2010];
PubDate.NGEO2010=[08 2010];
PubDate.GEM2011=[04 2011];
PubDate.GJI2011=[09 2011];
PubDate.GRL2011=[9 2011]; % Sukhovich
PubDate.JGEOD2012=[8 2012]; % Slobbe
PubDate.GRL2012a=[4 2012]; % Wang Tohoku-Oki
PubDate.GRL2012b=[9 2012]; % Lewis
PubDate.EPSL2012=[6 2012]; % Wang Maule Chile
PubDate.PNAS2012=[11 2012];
PubDate.GJI2013a=[4 2013]; % Ciaran Beggan
PubDate.GJI2013b=[5 2013]; % Bob "within"
PubDate.GJI2013c=[6 2013]; % Sofia
PubDate.JGR2013=[9 2013];  % Jean
PubDate.ACHA2014=[1 2014];
PubDate.GPHYS2014=[6 2014];
PubDate.GPHYS2015=[9 2015];
PubDate.EPSL2015a=[4 2015]; % Chris 2
PubDate.EPSL2015b=[6 2015]; % Lara 1
PubDate.NCOM2015=[8 2015];
PubDate.GRL2016=[8 2015]; % Chris 3
PubDate.JGR2015=[9 2015]; % Alain Mars
PubDate.GJI2016=[6 2016]; % Yanhua 3
PubDate.GJI2017=[6 2017]; % Alain Mars 
PubDate.IP2017=[11 2017]; % Volker Michel
%PubDate.JGS2018=[11 2018]; % Beveridge
PubDate.PNAS2019=[1 2019]; % Bevis
PubDate.SREP2019=[2 2019]; % Galapagos
PubDate.APJL2019=[4 2019]; % Galanti
% PubDate.GJI2020=[2 2020]; % Yanhua3
PubDate.BSSA2020=[6 2020]; % Joel1
PubDate.PNAS2020=[11 2020]; % Love
% PubDate.GEM2020=[11 2020]; % Reuber
% PubDate.GJI2021a=[3 2021]; % Lucia

% Here you put in when they have gotten cited, nearest month
Citations.IJCG1997=[ 9 1999 ; 12 1999 ; 11 2000 ;  3 2001 ; 11 2001 ;  5 2002 ; ...
		     5 2006 ;  2 2008 ;  8 2008 ; 11 2009 ;  4 2013 ;  7 2013 ; ...
		     1 1999 ;  9 2014 ;  9 2014 ;  1 2015 ; 11 2015 ;  9 2015 ; ...
		     9 2016 ;  8 2016 ;  9 2016 ;  1 2017 ;  3 2017 ; 11 2017 ; ...
		    12 2017 ;  8 2018 ;  9 2018 ; 11 2018 ;  5 2019 ;  4 2019 ; ...
		    10 2019 ;  5 2020 ;  6 2020 ;  4 2020 ; 11 2020 ;  1 2021 ; ...
		     3 2021];
Citations.Lithos1999=[8 1999 ; 4 2000 ; 5 2000 ; 8 2000 ; 8 2000; 10 2000; ...
		    11 2000; 11 2000; 3 2001; 4 2001 ; 4 2001; 4 2001 ; 7 ...
		    2001; 8 2001; 8 2001; 12 2001 ; 12 2001 ; 12 2001 ; 5 ...
		    2002; 5 2002; 4 2002; 6 2002 ; 7 2002; 8 2002; 9 2002; ...
		    11 2002; 4 2002; 6 2002; 10 2002; 11 2002; 11 2002 ; ...
		    11 2002; 11 2002; 12 2002; 1 2003 ; 12 2002; 12 2002; ...
		    12 2002; 1 2003; 5 2003; 4 2003 ; 6 2003 ; 2 2003 ; 6 ...
		    2003 ; 7 2003 ; 9 2003 ; 12 2003 ; 1 2004 ; 1 2004 ; ...
		    1 2004 ; 2 2004 ; 4 2004 ; 5 2004 ; 5 2004 ; 7 2004 ; ...
		    8 2004 ; 6 2004 ; 9 2004 ; 9 2004 ; 12 2004 ; 12 2004 ...
		    ; 2 2005; 4 2005 ; 3 2005 ; 5 2005 ; 5 2005 ; 1 2005 ...
		    ; 8 2005 ; 7 2005 ; 7 2005 ; 12 2005 ; 5 2006 ; 8 2006 ...
		    ; 8 2006 ; 9 2006 ; 8 2006 ; 9 2006 ; 10 2006 ; 12 ...
		    2006 ; 4 2007 ; 7 2007 ; 2 2008 ; 5 2008 ; 8 2008 ; ...
		    10 2008 ; 11 2008 ; 2 2009 ; 4 2009 ; 4 2009 ; 8 2009 ...
		    ; 9 2009 ; 8 2009 ; 12 2009 ; 11 2009 ; 11 2009 ; 10 ...
		    2009 ; 1 2010 ; 2 2010 ; 2 2010 ; 3 2010 ; 3 2010 ; 6 ...
		    2010 ; 12 2009 ; 8 2010 ; 11 2010 ; 11 2010; 11 2010 ...
		    ; 12 2010 ; 1 2011 ; 5 2011 ; 1 2011 ; 7 2011 ; 1 2012 ...
		    ; 4 2012 ; 7 2012 ; 7 2012 ; 10 2012 ; 12 2012 ; 7 ...
		    2013 ; 7 2013 ; 7 2013 ; 8 2013 ; 1 2006 ; 1 2006; 12 ...
		    2004 ; 10 2013 ; 8 2013 ; 10 2013 ; 10 2013 ; 3 2014 ...
		    ; 2 2014 ; 7 2014 ; 11 2014 ; 12 2014 ; 7 2015 ; 11 ...
		    2013 ; 6 2015 ; 7 2015 ; 9 2015 ; 8 2015 ; 9 2015; 2 ...
		    2015 ; 5 2016 ; 4 2015 ; 11 2016 ; 4 2016 ; 11 2015 ; ...
		    8 2017 ; 1 2018 ; 9 2018 ; 8 2018 ; 6 2019 ; 11 2019 ...
		    ; 1 2020 ; 3 2020 ; 12 2020 ; 4 2021];
Citations.JGR2000=[ 3 2000 ; 11 2000 ; 12 2000 ;  4 2001 ;  8 2001 ; 10 2001 ; ...
		   10 2001 ; 10 2001 ;  9 2002 ; 10 2002 ; 11 2002 ;  1 2003 ; ...
		    1 2003 ;  1 2003 ;  5 2003 ;  6 2003 ;  6 2003 ;  6 2003 ; ...
		    7 2003 ;  7 2003 ;  8 2003 ;  8 2003 ;  9 2003 ;  9 2003 ; ...
		   11 2003 ; 10 2003 ; 12 2003 ;  1 2004 ;  3 2004 ;  8 2004 ; ...
		    9 2004 ;  9 2004 ; 10 2004 ; 10 2004 ; 11 2004 ; 10 2004 ; ...
		    2 2005 ;  4 2005 ;  5 2005 ;  5 2005 ;  7 2005 ;  7 2005 ; ...
		    9 2005 ; 10 2005 ; 11 2005 ; 12 2005 ;  4 2006 ;  8 2006 ; ...
		    1 2006 ;  8 2006 ; 10 2006 ; 12 2006 ; 12 2006 ;  1 2007 ; ...
		    2 2007 ;  5 2007 ;  5 2007 ; 10 2007 ; 12 2007 ;  9 2007 ; ...
		   12 2007 ;  2 2008 ;  4 2008 ;  3 2008 ;  6 2008 ;  6 2008 ; ...
		   10 2008 ;  4 2009 ;  8 2009 ;  8 2009 ;  8 2009 ;  7 2010 ; ...
		   10 2010 ;  1 2011 ;  1 2011 ;  6 2011 ;  9 2011 ;  3 2012 ; ...
		    4 2012 ;  4 2012 ; 11 2012 ; 11 2012 ;  2 2013 ;  4 2013 ; ...
		    6 2013 ;  7 2013 ;  8 2013 ;  1 2014 ;  4 2014 ;  5 2014 ; ...
		    6 2014 ;  8 2014 ; 10 2014 ; 10 2014 ;  9 2014 ; 11 2014 ; ...
		   12 2014 ;  1 2015 ; 12 2014 ;  6 2015 ; 10 2015 ;  7 2016 ; ...
		    9 2016 ; 10 2016 ;  1 2017 ; 12 2017 ;  2 2018 ;  6 2018 ; ...
		    9 2018 ;  7 2018 ;  2 2019 ;  1 2019 ;  7 2019 ; 11 2019 ; ...
		    3 2020 ; 10 2020 ; 12 2020 ;  2 2021 ;  4 2021 ;  6 2021];
% age-dependent
Citations.GRL2002=[12 2002 ;  5 2003 ;  6 2003 ;  7 2003 ;  8 2003 ;  5 2003 ; ...
		    6 2004 ;  7 2004 ;  9 2004 ;  9 2004 ; 10 2004 ;  2 2005 ; ...
		    4 2005 ;  3 2005 ;  5 2005 ;  5 2005 ;  7 2005 ;  7 2005 ; ...
		    7 2005 ; 12 2006 ;  1 2007 ;  8 2008 ;  4 2009 ;  3 2010 ; ...
		    6 2010 ; 11 2010 ; 12 2010 ;  4 2011 ;  9 2011 ;  7 2012 ; ...
		    6 2013 ;  8 2013 ; 10 2013 ; 11 2013 ;  3 2014 ; 12 2004 ; ...
		    3 2010 ;  4 2009 ; 10 2008 ; 12 2008 ; 12 2004 ;  8 2014 ; ...
		    9 2014 ; 11 2014 ;  3 2015 ;  6 2015 ;  5 2015 ;  9 2015 ; ... 
		    9 2016 ;  9 2016 ; 11 2016 ;  2 2017 ; 12 2020 ;  3 2021];
